fs = 25.6e6;